398874773 652193
18498878 14749606
14305022 8479062
22253 12741
15540222 14809096
7415132 14172562
17129553 13839772
15911247 14086492
14087951 22253
57378470 19094625
19479427 1186
29294520 13462502
13652832 40198602
174958347 287713
22253 2727051
1765921 2727051
14710479 8630562
20496869 180505807
13652832 1678471
663463 728163
22253 1186
3191321 17408993
1186 765548
13141442 17129553
883301 9616792
1371101 13334762
1678471 19966557
8479062 40198602
14305022 12725022
9283582 14231571
728163 713263
12800212 14450509
19094625 165964253
14 1186
14305022 563200400
14710479 14231571
15236339 606083
13462502 104937383
14178728 20755177
8479062 2727051
14163141 57739496
728163 12007182
17729005 10587552
377821426 13462502
15911247 9411772
17129553 17633994
15639334 1260231
14087951 668423
713263 58166411
586 11178592
5994452 14471007
13019862 1678471
1186 8479062
15459980 8067082
47 380
380 2727051
6088382 15775613
15583257 380
16353769 13462502
136865608 155696919
10013512 19042640
713263 663463
8630562 19042640
62415556 15540222
14819149 180505807
20904050 636923
528 662423
25583917 180505807
35357461 67157376
14710479 1371101
713263 11322372
6735 6503412
14087951 5813712
652193 2735631
10476462 606083
883301 57378470
2727051 12741
40198602 67157376
14710479 2735631
1566521 1260231
255617445 51518017
2372 6687652
551433993 19966557
13652832 8708232
17561826 6160742
14163141 9943672
17384098 15384741
16353769 16119767
57378470 5994452
62415556 586
20904050 9943672
1186 586
18974638 18976476
6001592 8630302
6331462 9943672
22253 15459980
15384741 9611352
12800212 13462502
15583257 17798441
8708232 761
47 14
13141442 10476462
6735 8003822
2727051 6735
14163141 51518017
19042640 12800212
15459980 22084427
14086492 13334762
8630562 13462502
22253 6503412
67157376 13652832
380 10476462
11178592 14749606
57378470 1678471
883301 380
6735 380
9611352 9283582
20496869 51123
12725022 14172562
29294520 19966557
30331404 15801446
638323 2735631
765548 761
2727051 11178592
765548 6160742
12741 380
15583257 14367669
163449492 14749606
17245224 14838800
7415132 2735631
19208772 14367669
14710479 14305022
8708232 380
15109716 22253
14172562 12725022
12725022 728163
8630562 5854882
14231571 663463
27985216 8132642
1186 5854882
15775613 6331462
15384741 9767472
179339999 8479062
22253 663463
9411772 14086492
8479062 14178728
14819149 17729005
14178728 8003822
14367669 652193
20554406 5634142
20554406 9411772
528 9943672
8630302 377821426
18414485 180505807
3191321 11178592
14202711 180505807
18248772 12800212
1678471 18414485
326658079 14809096
14202711 10476462
713263 13334762
668423 180505807
62415556 67157376
6735 51123
24340234 10587552
14809096 713263
528 14892191
16353769 14838800
728163 12725022
20554406 15911247
18498878 14231571
638323 13334762
17633994 1678471
12800212 6001592
2727051 2735631
16934483 35357461
7415132 636923
14178728 713263
652193 1186
10476462 13334762
19223 14305022
6160742 29294520
16803822 1186
8630302 6088382
9283582 16119767
728163 16803822
29294520 8630302
761 174958347
6160742 47
17384098 17129553
20904050 13019862
6160742 174958347
6731422 15583257
15384741 15304923
14142965 9943672
19327052 15459980
3191321 51518017
15302100 40198602
17729005 9767472
16803822 14231571
761 5994452
1566521 14231571
14710479 17633994
15540222 1186
15384741 17384098
13839772 6331462
14367669 9863222
51123 14172562
9863222 179339999
6503412 8067082
18498878 57378470
12741 180505807
7415132 8866342
16119767 8630562
761 460693601
2735631 14178728
22588327 10587552
15384741 11178592
380 14
15109716 2735631
174958347 22084427
15109716 16317798
15540222 14231571
12725022 663463
14178728 15459980
51123 528
713263 5813712
9283582 17938005
1678471 883301
3191321 9943672
13141442 15166546
17245224 30331404
83971810 380
22253 761
67157376 16004268
8067082 8003822
14710479 5994452
652193 6331462
17729005 25583917
14178728 14231571
14809096 13334762
51123 15459980
11178592 51123
14367669 16007011
6001592 130268655
21965123 13141442
6160742 179339999
9767472 6253882
13141442 1566521
57739496 2727051
7415132 663463
19208772 57378470
17459034 1186
5994452 18414485
3191321 10476462
1186 305888449
6001592 765548
47 1186
13141442 14749606
19479427 6735
14367669 6160742
271605782 255617445
16317798 14231571
14163141 14892191
8479062 15639334
7415132 51518017
9863222 528
16912257 180505807
16004268 51123
14367669 8479062
21965123 8630562
12725022 6503412
5634142 15187243
19101100 17384098
287713 6160742
19507576 15543818
24340234 15384741
13652832 12741
1678471 180505807
16803822 13648692
16912257 9943672
11178592 1186
14086492 148943
9767472 15384741
636923 663463
8067082 20755177
27985216 380
17864230 528
13141442 10013512
12007182 728163
8479062 1260231
14471007 360882965
29294520 47
174958347 57378470
8630562 12800212
9283582 51123
1186 10476462
19208772 15187243
6088382 13462502
6001592 3191321
636923 255617445
47 14305022
6088382 16119767
663463 6735
14172562 528
19094625 765548
528 7415132
7415132 22253
1186 6503412
10013512 12800212
11178592 163449492
14087951 1186
19094625 62415556
35357461 1678471
15166546 10587552
528 29294520
6331462 11178592
20904050 68824195
15302100 2727051
883301 91443374
10476462 19479427
14305022 14367669
14172562 2735631
528 9863222
528 17408993
13462502 16734561
1566521 14819149
14367669 15583257
183836186 1678471
761 14367669
17864230 20755177
67157376 14749606
16803822 16215038
17129553 6088382
1566521 17129553
12741 757502
15540222 180505807
728163 11178592
15109716 5827292
19042640 174958347
20496869 9616792
15801446 15384741
19223 728163
57378470 180505807
16004268 15639334
14305022 15384741
51518017 6735
19208772 5994452
19094625 14202711
22253 22084427
51123 19223
17864230 8067082
586 17408993
8479062 728163
15540222 10476462
3191321 380
5813712 713263
16912257 51518017
5634142 20554406
20554406 18317233
14172562 6503412
33633793 19966557
13462502 15819085
16461070 287713
16119767 2727051
18414485 17798441
16934483 180505807
5264791 11322372
13019862 6735
21145764 14087951
6253882 19101100
67157376 14220606
12725022 11178592
883301 10587552
163449492 9943672
21196272 174958347
16912257 563200400
1186 8708232
29294520 1566521
652193 14305022
11178592 6503412
638323 22253
13462502 563200400
883301 14710479
68824195 180505807
287713 22084427
15819085 14313755
14142965 174958347
180505807 586
19223 7415132
12741 13652832
1186 5994452
9767472 17384098
11178592 79033767
6253882 21965123
22253 20755177
663463 528
19479427 10476462
17384098 15304923
47 6160742
9283582 17864230
19223 14749606
17798441 18414485
663463 668423
14471007 40198602
17729005 6253882
13334762 713263
14471007 1678471
761 62415556
380 652193
11178592 528
9411772 271605782
15819085 13462502
17459034 380
14367669 51518017
15819085 21965123
9283582 11178592
14305022 6160742
6001592 6160742
15801446 9611352
5854882 1678471
14086492 326658079
326658079 15540222
8479062 11178592
16215038 16803822
8067082 19223
15819085 29294520
11322372 14087951
17459034 12741
14178728 179339999
198410517 79033767
1566521 5994452
51518017 14305022
27985216 2372
586 14202711
51123 663463
5634142 30331404
19223 12725022
22084427 8067082
6331462 10476462
6731422 19208772
14172562 14
761 9943672
6088382 487851005
487851005 6088382
18498878 1678471
68824195 1186
761 652193
47 9863222
15302100 380
3191321 6331462
9283582 17384098
14220606 563200400
12800212 5854882
17245224 17937655
15819085 19042640
13462502 8630302
17864230 15459980
6331462 30331404
5634142 6731422
58166411 180505807
5634142 10476462
14142965 7415132
10476462 1371101
761 2735631
662423 11322372
6160742 563200400
16912257 57378470
16461070 5827292
13462502 29294520
8630302 104937383
234270825 22084427
5854882 17633994
20554406 16803822
14471007 8708232
14178728 8067082
15459980 6735
6735 663463
18248772 1678471
15911247 18317233
8479062 165964253
10587552 17729005
17937655 17245224
761 15540222
15162141 22253
15302100 883301
14305022 180505807
14471007 5994452
9767472 14305022
606083 15236339
11178592 2727051
14163141 255617445
14367669 1260231
11322372 3191321
652193 1260231
16004268 51518017
6001592 15819085
16119767 16353769
728163 8067082
68824195 14819149
11178592 9943672
98065221 8132642
15801446 10013512
67157376 104937383
35357461 380
20904050 9283582
14086492 18317233
14710479 5854882
8630562 16119767
14710479 10013512
16119767 29294520
17245224 6088382
528 663463
15583257 883301
1566521 179339999
728163 9943672
16912257 380
20554406 271605782
14892191 11178592
17633994 883301
713263 1260231
19101100 14819149
183836186 18414485
17129553 8630302
14819149 15384741
8708232 27985216
8479062 6331462
20904050 19483147
12007182 14172562
528 8067082
47 528
51123 8067082
9283582 9616792
16803822 728163
13462502 6088382
15583257 16803822
17729005 15801446
29294520 6160742
3191321 1186
15109716 7461782
9411772 18317233
728163 14172562
287713 104937383
14178728 12007182
8630562 1566521
11322372 6735
5854882 17408993
40198602 12741
8866342 15459980
12725022 528
8630562 14710479
728163 13334762
1371101 14710479
20904050 11178592
8708232 9283582
17864230 51123
1186 6735
47 1260231
15302100 67157376
19223 9943672
12800212 6331462
51123 255617445
20755177 14178728
6331462 5854882
528 11178592
40198602 29294520
5994452 1566521
183836186 16934483
19101100 6253882
19094625 180505807
12725022 16803822
136865608 353101127
761 47015938
5854882 5994452
16119767 1260231
728163 22253
16119767 9283582
67157376 9943672
761 14087951
14710479 6088382
12725022 14178728
16004268 663463
586 180505807
174958347 14142965
20554406 15583257
1765921 14267393
14086492 14142965
6735 5827292
13141442 51518017
16119767 883301
22253 17864230
8479062 19479427
20755177 6735
14220606 40198602
663463 713263
21965123 15819085
6001592 10587552
6088382 8630302
16912257 586
8479062 14710479
29294520 255617445
79033767 14231571
15384741 652193
14086492 20554406
14819149 14172562
11178592 663463
1566521 713263
1656891 5994452
883301 2727051
12725022 51518017
13462502 14838800
16007011 255617445
10476462 1566521
19223 2735631
29294520 15819085
13141442 14305022
14142965 11178592
16004268 14231571
1186 9943672
15819085 487851005
3191321 13839772
10476462 5854882
8630302 17937655
19042640 15819085
22253 15162141
6331462 3191321
14 586
8866342 7415132
12741 11178592
380 180505807
17937655 1371101
6735 728163
14819149 24340234
6160742 8479062
14231571 11178592
14367669 179339999
14305022 11178592
67157376 5436752
16004268 11178592
6253882 17729005
883301 81962011
10476462 16119767
883301 15583257
130268655 22588327
7415132 14142965
1678471 13019862
16353769 6088382
29294520 30331404
15384741 9943672
1186 51518017
16934483 183836186
19479427 14819149
14142965 6687652
728163 6503412
8479062 174958347
15583257 1678471
487851005 15819085
29294520 6088382
713263 11178592
9943672 2727051
57378470 563200400
5827292 180505807
57378470 1260231
5994452 14367669
17384098 9616792
2727051 67157376
16934483 380
20755177 17864230
761 79033767
1678471 5634142
29294520 15801446
9767472 17729005
8630302 14838800
22253 1260231
13462502 8630562
3191321 27985216
14809096 5813712
20755177 8003822
1566521 5854882
668423 5813712
24340234 22588327
15187243 5634142
15819085 6088382
652193 14202711
5854882 14367669
29294520 883301
1186 14
14142965 2735631
29294520 19479427
8630302 5827292
16004268 1260231
5854882 179339999
15819085 17937655
234270825 174958347
15109716 8866342
5994452 17798441
19223 663463
13652832 380
14172562 14819149
14305022 51518017
180505807 380
68824195 14220606
6731422 5994452
15302100 51518017
883301 15775613
528 6503412
14087951 15540222
14086492 15911247
1678471 761
13652832 586
17459034 83971810
1566521 174958347
14367669 6331462
9283582 15304923
15302100 14231571
6503412 8003822
761 22253
5854882 5813712
19101100 9283582
15540222 14202711
15109716 586
51123 12007182
67157376 883301
9611352 15384741
14178728 1260231
15109716 234270825
8479062 586
20554406 14142965
14367669 1186
19507576 180505807
6331462 8479062
14710479 8708232
22253 255617445
5854882 2372
13652832 287713
9283582 9767472
15540222 668423
5854882 586
14471007 713263
586 174958347
377821426 174958347
3191321 6001592
6088382 14710479
14809096 21145764
19479427 8630562
16912257 652193
14172562 1260231
19101100 9767472
14087951 13334762
15819085 14838800
16119767 11178592
5854882 380
13648692 8630562
16803822 1678471
5854882 8940282
10587552 15166546
14178728 19223
14087951 6160742
8630562 6088382
287713 174958347
12800212 6088382
19223 6368672
16007011 14367669
15583257 15775613
663463 11178592
68824195 652193
21965123 174958347
8630302 15819085
16934483 19208772
15775613 19966557
27985216 14892191
6001592 487851005
57378470 16912257
883301 6088382
21965123 12800212
9616792 51518017
15384741 2735631
14710479 12800212
14819149 6253882
109186893 155696919
668423 713263
13019862 13334762
10476462 1260231
1566521 13141442
14087951 21145764
14163141 14749606
528 15459980
12725022 6687652
22253 51518017
11178592 3191321
15459980 14178728
16934483 14892191
9863222 6160742
16461070 234270825
20904050 6503412
183836186 14819149
15540222 17864230
19094625 136865608
16119767 13652832
380 13652832
14367669 883301
1678471 16007011
7461782 528
47 6001592
1566521 8630562
1566521 5634142
12544312 248049056
1186 19479427
17937655 6088382
1678471 1186
8479062 380
652193 16461070
2727051 6503412
13652832 62415556
14086492 14313755
22253 380
6735 2735631
14305022 9283582
8479062 180505807
1186 68824195
14367669 10476462
19479427 652193
528 14172562
22253 19479427
15384741 14231571
14305022 13019862
19101100 15384741
47 5813712
22253 14172562
6331462 19966557
22253 652193
652193 14367669
8708232 14471007
6735 51518017
14267393 174958347
883301 17408993
883301 51518017
17864230 8866342
13462502 179339999
57378470 460693601
1186 713263
5634142 15583257
663463 12725022
1678471 19208772
21145764 14809096
12800212 17129553
14163141 1765921
14305022 14231571
14710479 14367669
40198602 13652832
14142965 6503412
8003822 6735
14710479 255617445
14220606 6503412
17864230 22253
6088382 12800212
62415556 5436752
662423 528
57378470 15162141
57378470 6731422
18317233 14313755
638323 713263
174958347 6331462
652193 662423
10476462 652193
17129553 20554406
9863222 165964253
17633994 13462502
10013512 13141442
14202711 19479427
40198602 586
14178728 13334762
528 3191321
15384741 14710479
15384741 9283582
13334762 638323
40198602 1678471
179339999 1186
14202711 380
11178592 14231571
13019862 9943672
6503412 2735631
174958347 15583257
29294520 16119767
14220606 883301
19223 6687652
15459980 528
15583257 16934483
1186 10587552
12725022 14305022
18498878 83971810
17937655 14450509
638323 14087951
179339999 14231571
14471007 14231571
17729005 22588327
19479427 14202711
15540222 1371101
17864230 174958347
883301 40198602
19094625 19479427
17384098 17729005
67157376 15236339
271605782 14142965
2735631 15459980
8067082 51123
14220606 380
8479062 20904050
16461070 9863222
8866342 15109716
377821426 14450509
528 14305022
19094625 380
51123 713263
662423 5994452
8630562 15166546
22588327 255617445
6735 14231571
13652832 883301
14819149 8708232
713263 14809096
19479427 22253
21145764 15236339
16803822 20554406
20904050 14305022
662423 51123
174958347 8479062
8003822 17864230
8866342 16317798
15384741 24340234
2727051 14220606
14087951 305888449
15801446 29294520
17129553 16119767
13648692 16803822
6331462 14305022
14367669 3191321
20496869 2372
7415132 51123
19223 14231571
14231571 9943672
17937655 377821426
79033767 198410517
10476462 14202711
1186 6687652
3191321 287713
15540222 1260231
14367669 14305022
1566521 12800212
9767472 1260231
326658079 8479062
20496869 14172562
22253 2735631
13019862 20904050
12544312 5827292
57378470 5634142
10587552 24340234
20904050 163449492
8479062 2735631
528 14231571
713263 3191321
713263 14749606
16119767 14231571
17729005 17384098
8630302 29294520
179339999 6160742
13839772 58166411
5854882 6735
14163141 8067082
18498878 9943672
16803822 51518017
148943 15911247
1765921 174958347
1678471 17129553
12800212 1566521
16119767 12741
6731422 5634142
18414485 19208772
14087951 586
2735631 8067082
9863222 17408993
883301 5854882
13141442 5854882
6735 174958347
180505807 1186
6503412 2727051
17245224 377821426
19507576 14904282
13462502 14710479
16119767 11322372
15819085 377821426
16004268 9943672
1186 14231571
16119767 10476462
761 1678471
20554406 1678471
2735631 8003822
16215038 14086492
1678471 174958347
40198602 8479062
67157376 12741
14305022 1260231
14367669 11178592
15187243 15583257
17729005 24340234
1186 12741
8067082 6735
14142965 14231571
8479062 10476462
2727051 380
22253 12007182
6001592 9863222
10476462 380
9767472 15304923
18414485 1678471
728163 2735631
9283582 663463
663463 7415132
29294520 40198602
47 14231571
662423 17864230
15109716 10044992
6331462 586
40198602 360882965
713263 14087951
17938005 22588327
22253 11178592
6331462 14892191
22253 6735
7461782 15109716
51518017 14749606
14892191 255617445
180505807 14202711
179339999 29294520
15775613 5854882
17129553 15583257
17129553 1678471
14220606 13652832
1186 883301
8630302 17245224
9943672 14305022
1186 2735631
14231571 14178728
6088382 16353769
10587552 22588327
10587552 883301
6088382 1566521
25583917 15540222
9616792 12725022
11322372 2735631
6731422 19966557
638323 155696919
8630302 487851005
728163 7415132
14819149 9767472
398874773 1260231
14142965 271605782
67157376 11178592
24340234 21965123
9767472 19101100
9943672 528
19223 8067082
652193 15639334
8630562 14838800
6160742 14202711
5854882 16119767
20904050 14749606
6088382 8630562
15384741 15801446
1186 6160742
6088382 15639334
12800212 13141442
652193 174958347
180505807 40198602
528 19966557
9283582 15801446
1186 180505807
14367669 528
13839772 2372
1186 14892191
663463 9616792
22253 14087951
16803822 14178728
13141442 21965123
3191321 255617445
8630302 8630562
287713 16461070
12800212 20221130
6088382 883301
8630562 10476462
19223 11322372
13652832 11178592
16004268 14305022
5634142 1678471
6503412 51518017
6731422 57378470
9283582 2735631
3191321 179339999
14220606 14231571
174958347 14178728
14163141 13019862
15162141 57378470
14163141 2735631
12800212 8630302
18974638 180505807
8630302 13462502
18414485 183836186
20904050 180505807
2735631 14231571
12544312 180505807
25583917 17729005
3191321 14305022
12007182 8067082
21965123 6253882
6160742 1186
234270825 8067082
487851005 14838800
6331462 287713
5854882 22253
17729005 9611352
883301 67157376
1678471 20554406
6160742 380
652193 287713
9283582 15384741
883301 17459034
10013512 30331404
271605782 13648692
586 51518017
20904050 2727051
586 6331462
22253 586
8003822 528
8479062 14
14305022 20904050
663463 1260231
22253 14220606
761 11178592
15819085 8630562
14163141 8003822
19223 14178728
8708232 14710479
67157376 305888449
16912257 13652832
1566521 14749606
14819149 22588327
761 16317798
13462502 17129553
22084427 551433993
16803822 14749606
13652832 51518017
16317798 22253
728163 51518017
12741 51518017
728163 255617445
15459980 20755177
9616792 728163
12081222 1859981
1765921 6687652
17459034 17864230
586 16461070
728163 9616792
19094625 179339999
8708232 1678471
883301 1186
11322372 13334762
326658079 14749606
14220606 67157376
761 14231571
13141442 1260231
663463 14749606
8067082 234270825
6331462 17561826
21145764 606083
13652832 563200400
40198602 14231571
47 14471007
6735 6687652
8630302 14450509
14231571 2735631
51123 636923
13019862 14892191
15583257 8708232
14305022 2735631
17937655 13141442
51123 5994452
1186 3191321
13839772 17129553
13462502 487851005
713263 51123
14809096 163449492
20554406 174958347
9411772 20554406
8708232 6735
14172562 8067082
51123 6503412
17937655 8630562
179339999 1260231
6331462 14710479
10013512 10476462
6088382 17937655
8630302 16734561
51123 6735
16912257 1260231
11178592 728163
14178728 663463
528 8479062
14163141 47015938
21965123 11322372
586 287713
761 57739496
713263 1186
663463 636923
15162141 1678471
14172562 22084427
1186 14367669
18498878 1186
18317233 668423
15639334 652193
6001592 14450509
16007011 21965123
14142965 12741
8630562 13141442
57378470 8479062
22253 8067082
27985216 757502
18498878 68824195
18414485 15187243
5854882 13141442
1371101 19479427
174958347 11322372
663463 6503412
14305022 6331462
652193 180505807
14892191 1765921
16119767 17633994
380 40198602
17384098 9283582
586 6160742
1566521 163449492
21965123 24340234
20904050 6368672
27985216 652193
15540222 5813712
68824195 380
14 380
9611352 30331404
6331462 6735
40198602 14471007
1566521 29294520
14178728 51123
67157376 487072890
6331462 174958347
17384098 883301
22084427 2735631
16803822 15583257
528 14163141
14710479 1678471
8630302 15166546
9616792 12007182
668423 15540222
2735631 6503412
20904050 174958347
14305022 14267393
14809096 326658079
19208772 6731422
13462502 14450509
6001592 165964253
19208772 14892191
487851005 13462502
528 14471007
713263 728163
14305022 3191321
19479427 16119767
18498878 183836186
1859981 174958347
15819085 255617445
652193 10476462
380 1765921
57378470 67157376
11178592 8003822
1186 14749606
16119767 6088382
57378470 11178592
57378470 883301
8479062 16912257
174958347 15819085
14367669 30331404
17938005 9767472
12741 22253
15384741 14305022
528 17864230
57378470 174958347
6331462 68824195
17384098 30331404
16912257 15162141
17384098 19101100
57378470 183836186
14904282 22084427
19479427 5854882
20904050 8479062
15819085 17245224
51518017 11178592
8003822 2735631
40198602 883301
2727051 51518017
377821426 8630302
14710479 15801446
1678471 13538092
2735631 528
22253 5854882
20904050 51518017
15109716 19966557
57378470 14231571
16461070 586
14904282 14202711
15540222 6735
14172562 8003822
9283582 14305022
10476462 180505807
20904050 58166411
17633994 14710479
1186 13652832
130268655 1260231
15819085 6001592
668423 1260231
14367669 5854882
8940282 14172562
16119767 15819085
1566521 10476462
8630302 6001592
638323 14471007
652193 14231571
1186 563200400
1566521 13334762
6088382 1260231
662423 1260231
10013512 29294520
16934483 652193
6735 9943672
8630562 6001592
6253882 9283582
14202711 6331462
51123 13334762
2727051 255617445
19208772 1678471
14819149 17384098
51123 2735631
57378470 2735631
15819085 174958347
663463 14231571
14178728 2735631
14142965 20554406
15459980 586
68824195 20904050
18974638 35357461
9943672 57739496
174958347 377821426
6735 47
22588327 8708232
883301 47
14305022 765548
1765921 757502
883301 29294520
17729005 15384741
6001592 377821426
883301 17633994
10013512 14710479
5854882 1260231
17729005 30331404
14172562 652193
16119767 14202711
1371101 1260231
10013512 5854882
2727051 13652832
1186 761
761 528
14904282 19507576
9863222 13334762
16912257 14892191
883301 13462502
22084427 234270825
11178592 7415132
528 51123
9943672 79033767
1678471 183836186
6253882 17384098
14710479 883301
9283582 51518017
9616792 14172562
728163 14305022
883301 17129553
652193 3191321
883301 15302100
15583257 14086492
287713 3191321
13839772 14202817
3191321 13462502
17864230 8003822
14819149 17938005
19327052 17864230
883301 14367669
14172562 14231571
1566521 19042640
6503412 1186
14267393 19966557
326658079 180505807
51123 7415132
180505807 12741
5827292 14267393
19327052 14163141
14367669 15775613
14819149 14749606
3191321 528
10476462 13141442
14471007 528
19223 9616792
14086492 16215038
713263 57739496
5854882 14202711
22253 180505807
5854882 6088382
5854882 8630562
16215038 9411772
9283582 19101100
8630302 14749606
179339999 6331462
9283582 14819149
17459034 883301
6735 528
25583917 668423
9863222 326658079
17938005 9283582
17245224 15819085
8479062 652193
12725022 9943672
8630562 19966557
1678471 5994452
728163 528
16934483 15583257
10013512 8630562
14904282 19966557
1186 528
1566521 14450509
9767472 17938005
19208772 83971810
14163141 15459980
15540222 13141442
174958347 6735
6735 15459980
1566521 14202711
5994452 19208772
6503412 6735
14172562 15459980
12725022 19223
15109716 14267393
14305022 47
57378470 16007011
8708232 883301
10476462 14749606
51123 20755177
14231571 652193
19042640 377821426
6735 662423
57378470 1186
6503412 663463
6735 20755177
6160742 713263
377821426 22084427
14904282 586
6088382 14838800
15725851 14749606
21965123 16007011
12741 1186
9283582 6253882
6253882 15384741
17937655 14838800
1186 14202711
883301 1260231
8630562 7821492
29294520 6001592
18414485 248049056
5854882 8479062
14142965 9411772
11322372 174958347
12741 1260231
8630562 883301
15540222 663463
5994452 14305022
14086492 9411772
2735631 11178592
652193 9943672
9283582 17729005
57378470 19208772
17561826 47
5994452 15583257
1678471 14367669
17937655 15819085
8630562 14450509
883301 180505807
15583257 15187243
14305022 255617445
13652832 2727051
15819085 180505807
3191321 652193
6160742 17408993
67157376 586
13019862 662423
14231571 8003822
2727051 883301
47 17561826
9283582 8708232
1566521 6001592
663463 6687652
10013512 14450509
19208772 5634142
9283582 1260231
67157376 62415556
662423 51518017
1678471 16912257
765548 6001592
29294520 15775613
22253 16317798
13141442 8630562
652193 8479062
22253 7415132
8479062 14892191
20554406 17129553
14819149 19479427
11322372 713263
16004268 14749606
713263 14471007
6088382 377821426
6001592 15166546
57378470 14202711
6735 11178592
7415132 9616792
19208772 15583257
47 11322372
15583257 18414485
51123 662423
271605782 9411772
8708232 1186
14163141 248049056
287713 17408993
14087951 22084427
6735 8067082
761 13334762
1186 1765921
79033767 652193
13462502 3191321
5854882 10476462
1678471 17633994
29294520 10013512
16912257 6687652
14220606 487072890
22253 638323
51518017 6687652
287713 586
16803822 57378470
16119767 1566521
1371101 15540222
2735631 22084427
5854882 19479427
14202711 1260231
8866342 17864230
14142965 14749606
14220606 12741
35357461 14904282
8708232 15583257
16119767 5854882
326658079 636923
15384741 180505807
663463 15540222
17245224 234270825
22588327 30331404
16803822 12725022
47 883301
13538092 16007011
1186 15583257
51123 8003822
14163141 234270825
13019862 6687652
29294520 5854882
57378470 380
17633994 652193
6001592 47
14172562 9616792
57378470 255617445
13141442 12800212
17937655 21965123
23771687 668423
528 6160742
5854882 6331462
5264791 13334762
586 380
14087951 638323
14305022 528
14202711 14749606
17633994 15583257
40198602 652193
14892191 14749606
15187243 180505807
27985216 1186
67157376 180505807
12007182 51123
18498878 11178592
29294520 14471007
8708232 10587552
13648692 636923
19042640 13141442
16803822 271605782
18498878 79033767
9767472 14749606
761 1186
29294520 765548
174958347 13462502
15725851 180505807
16461070 563200400
8630562 17937655
15302100 6503412
1765921 14231571
19094625 15302100
15911247 148943
16007011 13538092
15540222 638323
14087951 47
5994452 5634142
11178592 20904050
35357461 16934483
12741 1765921
20755177 136865608
14086492 636923
21965123 5813712
14904282 180505807
12741 2727051
15583257 174958347
2735631 652193
15384741 17633994
6331462 179339999
6331462 29294520
5827292 21196272
13652832 180505807
6088382 13141442
652193 17633994
14809096 58166411
5854882 51518017
15384741 22253
668423 1186
51518017 287713
10587552 7821492
380 12741
29294520 14202711
16803822 6503412
19223 51123
67157376 6001592
20904050 380
14087951 713263
51123 728163
18976476 18974638
1566521 16119767
174958347 19042640
19327052 16317798
1566521 180505807
17129553 14710479
22253 14231571
12741 14892191
5854882 765548
9943672 11178592
19101100 17729005
528 15384741
174958347 761
130268655 10587552
15543818 19507576
17729005 14819149
8630562 255617445
662423 10476462
17245224 8630562
16215038 15911247
35357461 180505807
51123 14231571
67157376 5813712
8479062 5854882
29294520 528
883301 83971810
713263 14202817
668423 136865608
1186 15166546
40198602 180505807
104937383 234270825
8132642 98065221
179339999 765548
5854882 8708232
17729005 19479427
5854882 6503412
11178592 636923
12741 19966557
15819085 16119767
14710479 13141442
11178592 1260231
27985216 8708232
1186 380
662423 6735
6160742 652193
17938005 14819149
3191321 19966557
7461782 2735631
14305022 652193
1566521 6088382
17633994 14367669
15775613 15166546
2735631 14172562
5994452 761
14220606 180505807
16007011 183836186
638323 11322372
5994452 1656891
1678471 14471007
8067082 2735631
40198602 353101127
6735 22084427
17129553 13141442
6160742 586
9616792 663463
10587552 8708232
14367669 14202711
1371101 11322372
14163141 6687652
14367669 586
14710479 563200400
21196272 5827292
13462502 234270825
14172562 17864230
16119767 51518017
6160742 1260231
528 6735
15540222 380
15540222 713263
14710479 57378470
15775613 14367669
6001592 248049056
14710479 17129553
47 16007011
6160742 14231571
17729005 6001592
1678471 15187243
51518017 9943672
15801446 14710479
57378470 6735
18498878 14163141
377821426 16119767
10013512 180505807
8479062 14202711
17459034 51518017
13019862 1260231
15384741 636923
22084427 586
5634142 19208772
2727051 9943672
6088382 6001592
22253 14749606
9767472 30331404
5994452 662423
1371101 10476462
29294520 8479062
3191321 713263
22253 528
9611352 15801446
15459980 8003822
6088382 17129553
14367669 380
14710479 1260231
19223 11178592
57378470 20554406
51518017 6503412
13652832 652193
47 19479427
15583257 35357461
5994452 1678471
16119767 13141442
10476462 8630562
13462502 5827292
5854882 11178592
663463 5813712
586 104937383
22253 98065221
8479062 51518017
586 652193
6253882 14819149
14172562 586
10013512 6088382
1678471 57378470
15540222 19479427
14819149 9283582
1186 652193
3191321 6735
10013512 586
662423 652193
652193 6160742
245421629 19507576
20755177 51123
67157376 652193
15109716 17864230
16912257 11178592
14178728 5994452
728163 663463
586 2735631
14163141 14231571
40198602 6160742
12741 40198602
15162141 14367669
13652832 67157376
15459980 2735631
9283582 636923
27985216 40198602
528 652193
11178592 14305022
104937383 22084427
1678471 8708232
20554406 57378470
15109716 8003822
67157376 380
9943672 14749606
761 47
22253 15775613
883301 1678471
13839772 5854882
17729005 19101100
16004268 79033767
15583257 6731422
62415556 8940282
14172562 51123
6253882 15304923
17384098 15801446
636923 14231571
6503412 9943672
1186 2727051
3191321 14202711
35357461 18974638
652193 883301
183836186 19223
12741 14220606
15166546 8630302
22253 8003822
16912257 174958347
14710479 174958347
6503412 6687652
8479062 8003822
19223 528
17729005 9283582
6001592 8630562
16007011 14892191
8708232 13652832
8003822 14178728
9283582 6735
8630562 8630302
765548 47
8630562 1260231
10013512 652193
8067082 22084427
15302100 180505807
9283582 10587552
51518017 586
663463 19223
12081222 14087951
17245224 13462502
12007182 14178728
16803822 9943672
10044992 15109716
16215038 18317233
14305022 11322372
2735631 6735
67157376 15302100
271605782 14086492
380 6735
761 8708232
638323 563200400
380 883301
16912257 13334762
16215038 180505807
20755177 22253
5994452 5854882
16461070 652193
9943672 14231571
6160742 287713
353101127 109186893
14710479 1566521
326658079 5813712
728163 636923
652193 528
14178728 174958347
6001592 6088382
9767472 22588327
728163 19223
3191321 180505807
11178592 6735
9943672 51518017
19479427 1260231
7415132 11178592
15459980 17864230
24340234 17729005
8003822 174958347
18248772 20221130
51123 11178592
713263 14172562
14172562 22253
15384741 19101100
3191321 586
17408993 287713
713263 163449492
16007011 1678471
14178728 9943672
17245224 487851005
17633994 14450509
18414485 5634142
22253 51123
15819085 8630302
6735 652193
761 765548
15540222 6503412
586 551433993
883301 14
8630562 29294520
353101127 136865608
9283582 728163
12544312 22084427
155696919 136865608
17459034 22084427
29294520 1260231
14163141 79033767
20904050 79033767
528 19223
6088382 14450509
2727051 14231571
8630562 21965123
16119767 19479427
14710479 6735
16912257 1678471
761 180505807
14892191 2727051
5813712 13334762
6331462 380
761 380
663463 51123
8630562 17245224
13652832 1186
18317233 20554406
668423 13334762
9863222 6001592
16119767 586
16353769 8630302
47 6735
883301 652193
1186 16119767
16119767 13462502
14172562 174958347
14172562 14178728
14710479 13462502
15583257 51123
14172562 47
17245224 16734561
11178592 51518017
6503412 255617445
377821426 15819085
57378470 1765921
14231571 636923
20904050 15384741
8067082 15459980
2372 27985216
16004268 13334762
5854882 528
79033767 20904050
586 305888449
6503412 174958347
25583917 22588327
326658079 13334762
17937655 8630302
22253 713263
15583257 5854882
5854882 1186
19042640 8630562
8479062 6160742
765548 17561826
14305022 14710479
1566521 14367669
155696919 353101127
15187243 19208772
3191321 563200400
17129553 83971810
16317798 17864230
13462502 14313755
18414485 15583257
51518017 255617445
19094625 13334762
16119767 17129553
15384741 1260231
14086492 14231571
528 8003822
16007011 17561826
16803822 81962011
326658079 713263
15384741 14819149
9863222 16461070
14172562 14087951
10013512 15801446
62415556 6160742
8708232 14305022
5854882 14231571
13839772 6160742
8003822 8067082
16119767 380
713263 9616792
12725022 51123
8067082 14172562
35357461 18976476
8479062 528
6735 3191321
8866342 19966557
17129553 14450509
68824195 2727051
8067082 551433993
57378470 586
883301 487072890
11178592 255617445
20904050 6687652
18498878 30331404
19223 6503412
180505807 10476462
16004268 275570583
22084427 14267393
586 22084427
12725022 6735
15639334 13334762
8003822 8003822
1186 22253
5854882 57378470
6001592 29294520
3191321 5813712
16317798 761
380 6160742
13019862 14305022
14710479 15384741
14163141 528
8940282 62415556
663463 255617445
14172562 713263
8630302 248049056
5994452 14178728
5994452 14710479
652193 6735
528 47015938
17561826 6331462
5994452 57378470
21145764 5813712
8708232 14819149
14163141 636923
79033767 11178592
16004268 198410517
728163 67157376
8866342 8003822
6331462 15775613
18317233 15911247
27985216 180505807
20904050 57739496
8479062 14231571
15109716 8067082
14172562 765548
67157376 728163
13839772 3191321
12800212 21965123
22253 9943672
15583257 563200400
47 2727051
174958347 6503412
9411772 15911247
16004268 1371101
174958347 586
9943672 255617445
1566521 380
15801446 17384098
13462502 248049056
14367669 15162141
20904050 663463
13652832 14749606
8479062 14305022
12800212 29294520
6331462 652193
17633994 5854882
1678471 15162141
5854882 652193
155696919 109186893
17129553 20221130
1566521 14710479
380 17408993
662423 14178728
1678471 15583257
2735631 20755177
8479062 6735
14142965 636923
15801446 9283582
14231571 14305022
6160742 9863222
728163 6735
14220606 2727051
663463 9943672
14367669 14749606
668423 23771687
13141442 14710479
17729005 15304923
12800212 14710479
17459034 104937383
14087951 11322372
1186 13334762
68824195 12741
1186 636923
636923 51518017
8630562 180505807
20755177 15459980
14172562 234270825
652193 5854882
67157376 2727051
62415556 14202711
713263 638323
14172562 728163
14086492 79033767
12007182 19223
17129553 14838800
27985216 3191321
14163141 586
765548 29294520
6331462 883301
15540222 14087951
713263 668423
17129553 380
17864230 14172562
15911247 20554406
16119767 6687652
18976476 35357461
19223 6735
6088382 29294520
6331462 1186
14710479 10476462
15384741 528
668423 14087951
1678471 18498878
17129553 13462502
13462502 16119767
8479062 7415132
14178728 11178592
5813712 14749606
15775613 883301
14172562 7415132
713263 2727051
14172562 638323
9411772 16215038
6253882 9767472
10587552 9283582
16803822 180505807
17245224 14313755
14220606 22253
377821426 6088382
586 460693601
6088382 17245224
18317233 16215038
20755177 2735631
1186 1260231
757502 2727051
68824195 1859981
15775613 8630562
15583257 180505807
8479062 57378470
47 7415132
8479062 29294520
5854882 761
8708232 17938005
18414485 5994452
14178728 7415132
8866342 14267393
883301 8630562
15819085 14450509
57378470 51123
40198602 380
29294520 6331462
8479062 9863222
5264791 563200400
14142965 255617445
14142965 663463
12741 68824195
638323 1260231
8003822 14231571
15384741 12741
12800212 8630562
12081222 5813712
57378470 15583257
9283582 6503412
17864230 662423
21196272 22084427
5813712 14809096
6001592 16007011
14367669 5994452
14178728 662423
15583257 20554406
13141442 19479427
8630562 234270825
10587552 30331404
16912257 287713
14231571 16317798
14367669 17633994
15384741 51518017
22253 636923
12741 14749606
638323 6503412
9767472 9283582
1566521 14313755
12800212 10013512
5854882 15775613
8630562 17129553
1678471 17798441
179339999 10476462
2727051 757502
1678471 14892191
8630562 15775613
20904050 75939851
1186 1859981
13462502 16353769
5634142 5994452
12800212 18248772
713263 19483147
287713 380
16119767 305888449
663463 13334762
16353769 16734561
1186 11178592
15775613 6088382
662423 13019862
14892191 6503412
14819149 19101100
14087951 652193
20904050 528
6735 12725022
57378470 18498878
51123 17864230
21965123 17937655
14305022 9943672
20904050 14231571
528 57739496
14819149 30331404
17384098 14819149
11178592 19223
662423 8479062
15583257 5994452
16317798 19327052
7415132 248049056
8630562 15819085
15583257 5634142
1566521 1371101
17459034 460693601
51123 14178728
11322372 662423
20496869 22253
761 8067082
12725022 9616792
728163 14178728
6160742 528
1371101 17937655
14819149 183836186
8067082 17864230
15583257 57378470
14087951 1260231
9616792 16734561
40198602 14220606
652193 380
13648692 19479427
17864230 22084427
5854882 883301
586 15459980
757502 1765921
9863222 47
14367669 62415556
9411772 14142965
14231571 2727051
14267393 8866342
15583257 17633994
18317233 9411772
22253 6687652
652193 586
636923 458897186
20755177 8067082
487851005 377821426
19479427 11178592
148943 1260231
17384098 6253882
29294520 8630562
174958347 1678471
7415132 528
57378470 12741
18498878 5827292
179339999 652193
183836186 16007011
68824195 22253
1371101 1566521
13334762 11322372
57378470 5854882
14178728 728163
1678471 6731422
40198602 2727051
17938005 8708232
1566521 19483147
9616792 51123
16803822 883301
15384741 17729005
15583257 6368672
287713 6331462
16317798 8067082
17798441 5994452
6503412 528
18317233 14086492
16912257 14749606
5854882 2735631
19042640 1566521
6088382 104937383
1371101 13141442
14163141 14267393
713263 22253
761 662423
883301 13652832
14367669 2735631
2735631 586
21145764 713263
20904050 652193
15109716 15459980
380 586
17459034 11178592
13141442 563200400
19223 12007182
6735 14178728
353101127 155696919
15384741 6253882
8866342 528
663463 51518017
22084427 174958347
19223 14172562
10476462 14367669
5994452 51123
8630562 19479427
20904050 2735631
6001592 17729005
8940282 460693601
15187243 18414485
8630302 16353769
12741 6687652
19101100 15304923
29294520 14450509
17798441 1678471
22253 1765921
18248772 58166411
14142965 14202817
9863222 380
67157376 1260231
528 2735631
6731422 1678471
22084427 19966557
20554406 22229621
9611352 17729005
22588327 17729005
6253882 30331404
14471007 29294520
21965123 6088382
713263 380
57739496 9943672
13462502 174958347
883301 8708232
761 163449492
1186 47
8479062 67157376
47 761
14178728 6735
1566521 10013512
13019862 6503412
3191321 11322372
14819149 15304923
19327052 2735631
15583257 1186
8479062 663463
15540222 2727051
1678471 14710479
8003822 15459980
8132642 1678471
11178592 586
15583257 83971810
380 179339999
15187243 1678471
17245224 9616792
22253 20496869
14087951 761
15540222 761
14172562 19223
636923 6687652
761 6687652
16353769 17245224
638323 2727051
10013512 21965123
15109716 563200400
6331462 14202711
15583257 17129553
14086492 271605782
5854882 19483147
57378470 360882965
757502 551433993
15302100 68824195
1566521 14838800
16119767 652193
15540222 14471007
1566521 19479427
174958347 662423
713263 761
713263 6160742
47 9943672
20904050 1260231
8630562 14367669
883301 6160742
17459034 180505807
728163 14231571
11322372 638323
15583257 19208772
8479062 9943672
528 47
14163141 11178592
5854882 29294520
15162141 16912257
9943672 20904050
5854882 17561826
174958347 21965123
14710479 528
1186 83971810
5264791 174958347
19223 183836186
40198602 14267393
14231571 528
14172562 6735
8630562 10013512
638323 109186893
14087951 563200400
2727051 180505807
10013512 1566521
15801446 17729005
652193 51518017
11178592 22253
47 765548
652193 761
109186893 136865608
6331462 19479427
6001592 12800212
586 3191321
6088382 10476462
8866342 14231571
16353769 1678471
179339999 14202711
6088382 15819085
17245224 8630302
8132642 1765921
6001592 1566521
179339999 586
15109716 20755177
5634142 18414485
14178728 255617445
17459034 9943672
13141442 6088382
728163 51123
1186 1678471
14172562 12007182
14163141 8479062
17459034 652193
13462502 377821426
14178728 528
9767472 14819149
8479062 14367669